00100000000000000000000110010000
00000000000000000000000000000000
00010000000000000000000000000000
01001000000000000000000000000000
01010000000000000000000000000000
01010000000000000000000000000000
01010000000000000000000000000000
01010000000000000000000000000000
01010000000000000000000000000000
01010000000000000000000000000000
01010000000000000000000000000000
01010000000000000000000000000000
01010000000000000000000000000000
01010000000000000000000000000000
01010000000000000000000000000000
01010000000000000000000000000000
01010000000000000000000000000000
01010000000000000000000000000000
01010000000000000000000000000000
01010000000000000000000000000000
01010000000000000000000000000000
01010000000000000000000000000000
01010000000000000000000000000000
01010000000000000000000000000000
01010000000000000000000000000000
01010000000000000000000000000000
01010000000000000000000000000000
01010000000000000000000000000000
01010000000000000000000000000000
01010000000000000000000000000000
01010000000000000000000000000000
01010000000000000000000000000000
01010000000000000000000000000000
01010000000000000000000000000000
00110000000000000000000000000000
01010000000000000000000000000000
01010000000000000000000000000000
01010000000000000000000000000000
01010000000000000000000000000000
01010000000000000000000000000000
01010000000000000000000000000000
01010000000000000000000000000000
01010000000000000000000000000000
01010000000000000000000000000000
01010000000000000000000000000000
01010000000000000000000000000000
01010000000000000000000000000000
01010000000000000000000000000000
01010000000000000000000000000000
01010000000000000000000000000000
01010000000000000000000000000000
01010000000000000000000000000000
01010000000000000000000000000000
01010000000000000000000000000000
01010000000000000000000000000000
01010000000000000000000000000000
01010000000000000000000000000000
01010000000000000000000000000000
01010000000000000000000000000000
01010000000000000000000000000000
01010000000000000000000000000000
01010000000000000000000000000000
01010000000000000000000000000000
01010000000000000000000000000000
01010000000000000000000000000000
01001000000000000000000000000000
01010000000000000000000000000000
01010000000000000000000000000000
01010000000000000000000000000000
01010000000000000000000000000000
01010000000000000000000000000000
01010000000000000000000000000000
01010000000000000000000000000000
01010000000000000000000000000000
01010000000000000000000000000000
01010000000000000000000000000000
01010000000000000000000000000000
01010000000000000000000000000000
01010000000000000000000000000000
01010000000000000000000000000000
01010000000000000000000000000000
01010000000000000000000000000000
01010000000000000000000000000000
01010000000000000000000000000000
01010000000000000000000000000000
01010000000000000000000000000000
01010000000000000000000000000000
01010000000000000000000000000000
01010000000000000000000000000000
01010000000000000000000000000000
01010000000000000000000000000000
01010000000000000000000000000000
01010000000000000000000000000000
01010000000000000000000000000000
01010000000000000000000000000000
01010000000000000000000000000000
00110000000000000000000000000000
01010000000000000000000000000000
01010000000000000000000000000000
01010000000000000000000000000000
01010000000000000000000000000000
01010000000000000000000000000000
01010000000000000000000000000000
01010000000000000000000000000000
01010000000000000000000000000000
01010000000000000000000000000000
01010000000000000000000000000000
01010000000000000000000000000000
01010000000000000000000000000000
01010000000000000000000000000000
01010000000000000000000000000000
01010000000000000000000000000000
01010000000000000000000000000000
01010000000000000000000000000000
01010000000000000000000000000000
01010000000000000000000000000000
01010000000000000000000000000000
01010000000000000000000000000000
01010000000000000000000000000000
01010000000000000000000000000000
01010000000000000000000000000000
01010000000000000000000000000000
01010000000000000000000000000000
01010000000000000000000000000000
01010000000000000000000000000000
01010000000000000000000000000000
01010000000000000000000000000000
01001000000000000000000000000000
01010000000000000000000000000000
01010000000000000000000000000000
01010000000000000000000000000000
01010000000000000000000000000000
01010000000000000000000000000000
01010000000000000000000000000000
01010000000000000000000000000000
01010000000000000000000000000000
01010000000000000000000000000000
01010000000000000000000000000000
01010000000000000000000000000000
01010000000000000000000000000000
01010000000000000000000000000000
01010000000000000000000000000000
01010000000000000000000000000000
01010000000000000000000000000000
01010000000000000000000000000000
01010000000000000000000000000000
01010000000000000000000000000000
01010000000000000000000000000000
01010000000000000000000000000000
01010000000000000000000000000000
01010000000000000000000000000000
01010000000000000000000000000000
01010000000000000000000000000000
01010000000000000000000000000000
01010000000000000000000000000000
01010000000000000000000000000000
01010000000000000000000000000000
01010000000000000000000000000000
00110000000000000000000000000000
01010000000000000000000000000000
01010000000000000000000000000000
01010000000000000000000000000000
01010000000000000000000000000000
01010000000000000000000000000000
01010000000000000000000000000000
01010000000000000000000000000000
01010000000000000000000000000000
01010000000000000000000000000000
01010000000000000000000000000000
01010000000000000000000000000000
01010000000000000000000000000000
01010000000000000000000000000000
01010000000000000000000000000000
01010000000000000000000000000000
01010000000000000000000000000000
01010000000000000000000000000000
01010000000000000000000000000000
01010000000000000000000000000000
01010000000000000000000000000000
01010000000000000000000000000000
01010000000000000000000000000000
01010000000000000000000000000000
01010000000000000000000000000000
01010000000000000000000000000000
01010000000000000000000000000000
01010000000000000000000000000000
01010000000000000000000000000000
01010000000000000000000000000000
01010000000000000000000000000000
01001000000000000000000000000000
01010000000000000000000000000000
01010000000000000000000000000000
01010000000000000000000000000000
01010000000000000000000000000000
01010000000000000000000000000000
01010000000000000000000000000000
01010000000000000000000000000000
01010000000000000000000000000000
01010000000000000000000000000000
01010000000000000000000000000000
01010000000000000000000000000000
01010000000000000000000000000000
01010000000000000000000000000000
01010000000000000000000000000000
01010000000000000000000000000000
01010000000000000000000000000000
01010000000000000000000000000000
01010000000000000000000000000000
01010000000000000000000000000000
01010000000000000000000000000000
01010000000000000000000000000000
01010000000000000000000000000000
01010000000000000000000000000000
01010000000000000000000000000000
01010000000000000000000000000000
01010000000000000000000000000000
01010000000000000000000000000000
01010000000000000000000000000000
01010000000000000000000000000000
01010000000000000000000000000000
00110000000000000000000000000000
01010000000000000000000000000000
01010000000000000000000000000000
01010000000000000000000000000000
01010000000000000000000000000000
01010000000000000000000000000000
01010000000000000000000000000000
01010000000000000000000000000000
01010000000000000000000000000000
01010000000000000000000000000000
01010000000000000000000000000000
01010000000000000000000000000000
01010000000000000000000000000000
01010000000000000000000000000000
01010000000000000000000000000000
01010000000000000000000000000000
01010000000000000000000000000000
01010000000000000000000000000000
01010000000000000000000000000000
01010000000000000000000000000000
01010000000000000000000000000000
01010000000000000000000000000000
01010000000000000000000000000000
01010000000000000000000000000000
01010000000000000000000000000000
01010000000000000000000000000000
01010000000000000000000000000000
01010000000000000000000000000000
01010000000000000000000000000000
01010000000000000000000000000000
01010000000000000000000000000000
00000000000000000000000000000000
00010000000000000000000000000000
00000000000000000000000000000000
01101000000000000000000000000000